# alpha CX CY CZ CL CD Cl Cm Cn
-6.0 0.04932 -0.16096 0.26417 -0.26788 -0.02144 -0.05705 -0.12468 -0.02298
-5.5 0.04509 -0.16047 0.23408 -0.23733 -0.02245 -0.05962 -0.11470 -0.01866
-5.0 0.04127 -0.15996 0.20399 -0.20681 -0.02333 -0.06219 -0.10579 -0.01434
-4.5 0.03785 -0.15945 0.17390 -0.17633 -0.02409 -0.06475 -0.09797 -0.01002
-4.0 0.03483 -0.15892 0.14381 -0.14589 -0.02472 -0.06731 -0.09122 -0.00570
-3.5 0.03222 -0.15837 0.11374 -0.11549 -0.02522 -0.06986 -0.08555 -0.00137
-3.0 0.03002 -0.15782 0.08369 -0.08515 -0.02560 -0.07240 -0.08097 0.00295
-2.5 0.02823 -0.15726 0.05368 -0.05486 -0.02586 -0.07494 -0.07746 0.00728
-2.0 0.02684 -0.15668 0.02372 -0.02464 -0.02599 -0.07748 -0.07505 0.01160
-1.5 0.02586 -0.15609 -0.00620 0.00552 -0.02601 -0.08000 -0.07372 0.01592
-1.0 0.02529 -0.15549 -0.03605 0.03560 -0.02592 -0.08253 -0.07348 0.02024
-0.5 0.02513 -0.15487 -0.06582 0.06560 -0.02570 -0.08504 -0.07432 0.02456
0.0 0.02538 -0.15425 -0.09552 0.09552 -0.02538 -0.08755 -0.07625 0.02888
0.5 0.02603 -0.15361 -0.12513 0.12535 -0.02494 -0.09005 -0.07926 0.03320
1.0 0.02710 -0.15296 -0.15464 0.15509 -0.02440 -0.09255 -0.08336 0.03751
1.5 0.02857 -0.15230 -0.18404 0.18473 -0.02375 -0.09504 -0.08855 0.04182
2.0 0.03045 -0.15163 -0.21333 0.21426 -0.02299 -0.09752 -0.09481 0.04613
2.5 0.03274 -0.15095 -0.24249 0.24369 -0.02214 -0.09999 -0.10216 0.05043
3.0 0.03544 -0.15026 -0.27152 0.27300 -0.02118 -0.10246 -0.11058 0.05473
3.5 0.03854 -0.14955 -0.30040 0.30219 -0.02013 -0.10492 -0.12008 0.05902
4.0 0.04205 -0.14883 -0.32913 0.33126 -0.01898 -0.10737 -0.13065 0.06331
4.5 0.04596 -0.14810 -0.35770 0.36021 -0.01775 -0.10981 -0.14229 0.06760
5.0 0.05027 -0.14736 -0.38610 0.38902 -0.01643 -0.11225 -0.15499 0.07188
5.5 0.05498 -0.14661 -0.41433 0.41769 -0.01502 -0.11467 -0.16876 0.07616
6.0 0.06010 -0.14585 -0.44236 0.44622 -0.01353 -0.11709 -0.18358 0.08043
6.5 0.06561 -0.14508 -0.47020 0.47461 -0.01196 -0.11950 -0.19946 0.08469
7.0 0.07152 -0.14429 -0.49784 0.50285 -0.01031 -0.12190 -0.21638 0.08895
7.5 0.07782 -0.14350 -0.52527 0.53093 -0.00859 -0.12429 -0.23435 0.09320
8.0 0.08452 -0.14269 -0.55247 0.55886 -0.00680 -0.12667 -0.25335 0.09744
8.5 0.09160 -0.14187 -0.57945 0.58662 -0.00495 -0.12904 -0.27339 0.10168
9.0 0.09908 -0.14104 -0.60619 0.61422 -0.00303 -0.13140 -0.29445 0.10590
9.5 0.10694 -0.14020 -0.63268 0.64166 -0.00105 -0.13375 -0.31653 0.11012
10.0 0.11519 -0.13936 -0.65892 0.66891 0.00098 -0.13609 -0.33963 0.11434
10.5 0.12381 -0.13849 -0.68490 0.69600 0.00307 -0.13842 -0.36373 0.11854
11.0 0.13282 -0.13762 -0.71061 0.72290 0.00521 -0.14074 -0.38882 0.12273
11.5 0.14220 -0.13674 -0.73605 0.74962 0.00740 -0.14305 -0.41491 0.12692
12.0 0.15196 -0.13585 -0.76120 0.77616 0.00962 -0.14535 -0.44198 0.13109
12.5 0.16208 -0.13495 -0.78605 0.80250 0.01189 -0.14763 -0.47002 0.13526
13.0 0.17258 -0.13404 -0.81061 0.82866 0.01419 -0.14991 -0.49903 0.13941
13.5 0.18343 -0.13311 -0.83486 0.85462 0.01653 -0.15217 -0.52900 0.14356
14.0 0.19465 -0.13218 -0.85880 0.88038 0.01889 -0.15443 -0.55991 0.14769
14.5 0.20623 -0.13124 -0.88241 0.90594 0.02128 -0.15667 -0.59177 0.15181
15.0 0.21816 -0.13029 -0.90569 0.93129 0.02369 -0.15890 -0.62455 0.15592
15.5 0.23044 -0.12932 -0.92864 0.95645 0.02611 -0.16111 -0.65825 0.16002
16.0 0.24306 -0.12835 -0.95124 0.98139 0.02855 -0.16332 -0.69286 0.16410
16.5 0.25603 -0.12737 -0.97350 1.00612 0.03100 -0.16551 -0.72836 0.16818
17.0 0.26934 -0.12638 -0.99539 1.03065 0.03346 -0.16769 -0.76475 0.17224
17.5 0.28298 -0.12538 -1.01693 1.05495 0.03592 -0.16986 -0.80202 0.17629
18.0 0.29695 -0.12436 -1.03809 1.07904 0.03837 -0.17201 -0.84016 0.18032
18.5 0.31125 -0.12334 -1.05888 1.10292 0.04082 -0.17415 -0.87914 0.18434
19.0 0.32587 -0.12231 -1.07928 1.12657 0.04327 -0.17628 -0.91897 0.18835
19.5 0.34080 -0.12128 -1.09929 1.15000 0.04570 -0.17839 -0.95962 0.19234
20.0 0.35605 -0.12023 -1.11891 1.17321 0.04811 -0.18049 -1.00110 0.19632
20.5 0.37161 -0.11917 -1.13813 1.19619 0.05050 -0.18258 -1.04337 0.20028
21.0 0.38747 -0.11810 -1.15694 1.21895 0.05287 -0.18465 -1.08644 0.20423
21.5 0.40363 -0.11703 -1.17534 1.24148 0.05522 -0.18671 -1.13029 0.20816
22.0 0.42008 -0.11594 -1.19331 1.26379 0.05753 -0.18876 -1.17489 0.21208
