# alpha CX CY CZ CL CD Cl Cm Cn
-6.0 0.04287 -0.13945 0.27050 -0.27350 -0.01436 -0.04943 -0.10839 -0.01991
-5.5 0.03858 -0.13902 0.23993 -0.24253 -0.01540 -0.05166 -0.09825 -0.01617
-5.0 0.03469 -0.13859 0.20935 -0.21158 -0.01631 -0.05388 -0.08920 -0.01243
-4.5 0.03122 -0.13814 0.17877 -0.18067 -0.01709 -0.05610 -0.08124 -0.00868
-4.0 0.02815 -0.13768 0.14819 -0.14979 -0.01775 -0.05831 -0.07439 -0.00493
-3.5 0.02550 -0.13721 0.11763 -0.11897 -0.01827 -0.06052 -0.06863 -0.00119
-3.0 0.02326 -0.13673 0.08710 -0.08820 -0.01867 -0.06273 -0.06397 0.00256
-2.5 0.02144 -0.13624 0.05660 -0.05748 -0.01895 -0.06493 -0.06041 0.00630
-2.0 0.02003 -0.13574 0.02615 -0.02683 -0.01910 -0.06712 -0.05795 0.01005
-1.5 0.01903 -0.13523 -0.00425 0.00375 -0.01914 -0.06931 -0.05660 0.01379
-1.0 0.01846 -0.13471 -0.03459 0.03426 -0.01906 -0.07150 -0.05636 0.01754
-0.5 0.01829 -0.13418 -0.06485 0.06469 -0.01886 -0.07368 -0.05721 0.02128
0.0 0.01854 -0.13364 -0.09503 0.09503 -0.01854 -0.07585 -0.05917 0.02502
0.5 0.01921 -0.13309 -0.12512 0.12528 -0.01812 -0.07802 -0.06224 0.02876
1.0 0.02029 -0.13252 -0.15511 0.15544 -0.01758 -0.08018 -0.06640 0.03250
1.5 0.02179 -0.13195 -0.18499 0.18550 -0.01694 -0.08234 -0.07167 0.03623
2.0 0.02370 -0.13137 -0.21475 0.21545 -0.01619 -0.08449 -0.07804 0.03996
2.5 0.02603 -0.13078 -0.24439 0.24529 -0.01534 -0.08663 -0.08550 0.04369
3.0 0.02877 -0.13018 -0.27389 0.27502 -0.01440 -0.08877 -0.09406 0.04742
3.5 0.03192 -0.12957 -0.30324 0.30462 -0.01335 -0.09090 -0.10371 0.05114
4.0 0.03548 -0.12894 -0.33244 0.33410 -0.01221 -0.09302 -0.11446 0.05485
4.5 0.03946 -0.12831 -0.36147 0.36345 -0.01097 -0.09514 -0.12628 0.05857
5.0 0.04384 -0.12767 -0.39033 0.39267 -0.00965 -0.09725 -0.13920 0.06228
5.5 0.04863 -0.12702 -0.41902 0.42175 -0.00825 -0.09935 -0.15318 0.06598
6.0 0.05383 -0.12636 -0.44751 0.45068 -0.00675 -0.10144 -0.16825 0.06968
6.5 0.05943 -0.12569 -0.47580 0.47947 -0.00518 -0.10353 -0.18438 0.07337
7.0 0.06543 -0.12501 -0.50389 0.50811 -0.00354 -0.10561 -0.20158 0.07706
7.5 0.07184 -0.12432 -0.53176 0.53659 -0.00182 -0.10768 -0.21984 0.08074
8.0 0.07864 -0.12362 -0.55941 0.56491 -0.00002 -0.10974 -0.23916 0.08442
8.5 0.08585 -0.12291 -0.58682 0.59306 0.00184 -0.11179 -0.25952 0.08809
9.0 0.09344 -0.12220 -0.61399 0.62105 0.00376 -0.11384 -0.28092 0.09175
9.5 0.10143 -0.12147 -0.64092 0.64887 0.00574 -0.11588 -0.30336 0.09541
10.0 0.10981 -0.12073 -0.66759 0.67651 0.00778 -0.11790 -0.32683 0.09906
10.5 0.11858 -0.11999 -0.69399 0.70398 0.00988 -0.11992 -0.35132 0.10270
11.0 0.12773 -0.11923 -0.72012 0.73126 0.01202 -0.12193 -0.37683 0.10633
11.5 0.13727 -0.11847 -0.74596 0.75836 0.01421 -0.12393 -0.40334 0.10996
12.0 0.14718 -0.11770 -0.77152 0.78526 0.01644 -0.12592 -0.43085 0.11357
12.5 0.15747 -0.11692 -0.79678 0.81198 0.01872 -0.12791 -0.45935 0.11718
13.0 0.16814 -0.11613 -0.82174 0.83850 0.02102 -0.12988 -0.48883 0.12078
13.5 0.17917 -0.11533 -0.84638 0.86482 0.02336 -0.13184 -0.51928 0.12437
14.0 0.19057 -0.11452 -0.87071 0.89095 0.02573 -0.13379 -0.55070 0.12795
14.5 0.20233 -0.11370 -0.89470 0.91686 0.02813 -0.13573 -0.58307 0.13152
15.0 0.21446 -0.11288 -0.91836 0.94258 0.03054 -0.13766 -0.61638 0.13508
15.5 0.22693 -0.11204 -0.94168 0.96808 0.03297 -0.13958 -0.65063 0.13864
16.0 0.23977 -0.11120 -0.96466 0.99338 0.03542 -0.14149 -0.68580 0.14218
16.5 0.25294 -0.11035 -0.98727 1.01846 0.03787 -0.14339 -0.72188 0.14570
17.0 0.26647 -0.10949 -1.00952 1.04332 0.04033 -0.14528 -0.75887 0.14922
17.5 0.28033 -0.10862 -1.03141 1.06797 0.04279 -0.14716 -0.79674 0.15273
18.0 0.29453 -0.10775 -1.05291 1.09239 0.04526 -0.14903 -0.83549 0.15622
18.5 0.30906 -0.10686 -1.07404 1.11660 0.04771 -0.15088 -0.87511 0.15971
19.0 0.32392 -0.10597 -1.09477 1.14058 0.05016 -0.15272 -0.91559 0.16318
19.5 0.33909 -0.10507 -1.11511 1.16434 0.05259 -0.15456 -0.95690 0.16664
20.0 0.35459 -0.10416 -1.13505 1.18787 0.05500 -0.15638 -0.99905 0.17008
20.5 0.37040 -0.10324 -1.15458 1.21118 0.05740 -0.15818 -1.04201 0.17352
21.0 0.38652 -0.10232 -1.17369 1.23425 0.05977 -0.15998 -1.08578 0.17694
21.5 0.40294 -0.10139 -1.19239 1.25710 0.06211 -0.16176 -1.13034 0.18034
22.0 0.41966 -0.10045 -1.21066 1.27971 0.06442 -0.16353 -1.17567 0.18374
