# alpha CX CY CZ CL CD Cl Cm Cn
-6.0 0.04598 -0.15030 0.26745 -0.27079 -0.01777 -0.05327 -0.11624 -0.02146
-5.5 0.04172 -0.14984 0.23711 -0.24002 -0.01880 -0.05567 -0.10618 -0.01743
-5.0 0.03786 -0.14937 0.20677 -0.20928 -0.01970 -0.05807 -0.09720 -0.01339
-4.5 0.03441 -0.14888 0.17642 -0.17858 -0.02047 -0.06046 -0.08931 -0.00936
-4.0 0.03137 -0.14839 0.14608 -0.14791 -0.02111 -0.06285 -0.08250 -0.00532
-3.5 0.02874 -0.14788 0.11575 -0.11729 -0.02162 -0.06523 -0.07679 -0.00128
-3.0 0.02652 -0.14737 0.08546 -0.08673 -0.02201 -0.06761 -0.07216 0.00276
-2.5 0.02471 -0.14684 0.05519 -0.05622 -0.02228 -0.06998 -0.06863 0.00679
-2.0 0.02331 -0.14630 0.02498 -0.02577 -0.02243 -0.07234 -0.06620 0.01083
-1.5 0.02233 -0.14575 -0.00519 0.00460 -0.02245 -0.07470 -0.06485 0.01487
-1.0 0.02175 -0.14519 -0.03529 0.03490 -0.02236 -0.07706 -0.06461 0.01890
-0.5 0.02159 -0.14461 -0.06532 0.06513 -0.02216 -0.07941 -0.06546 0.02294
0.0 0.02184 -0.14403 -0.09527 0.09527 -0.02184 -0.08175 -0.06741 0.02697
0.5 0.02250 -0.14344 -0.12513 0.12532 -0.02141 -0.08409 -0.07045 0.03100
1.0 0.02357 -0.14283 -0.15488 0.15527 -0.02087 -0.08642 -0.07458 0.03502
1.5 0.02506 -0.14222 -0.18453 0.18513 -0.02022 -0.08874 -0.07981 0.03905
2.0 0.02696 -0.14159 -0.21407 0.21488 -0.01947 -0.09106 -0.08612 0.04307
2.5 0.02927 -0.14095 -0.24347 0.24452 -0.01862 -0.09337 -0.09353 0.04709
3.0 0.03198 -0.14030 -0.27274 0.27404 -0.01767 -0.09567 -0.10202 0.05110
3.5 0.03511 -0.13964 -0.30187 0.30345 -0.01662 -0.09797 -0.11160 0.05511
4.0 0.03865 -0.13897 -0.33084 0.33273 -0.01548 -0.10026 -0.12226 0.05912
4.5 0.04259 -0.13829 -0.35965 0.36189 -0.01424 -0.10254 -0.13400 0.06312
5.0 0.04694 -0.13760 -0.38829 0.39091 -0.01292 -0.10481 -0.14681 0.06712
5.5 0.05169 -0.13690 -0.41676 0.41979 -0.01151 -0.10708 -0.16069 0.07111
6.0 0.05685 -0.13619 -0.44503 0.44853 -0.01002 -0.10933 -0.17564 0.07510
6.5 0.06241 -0.13547 -0.47310 0.47713 -0.00845 -0.11158 -0.19165 0.07908
7.0 0.06837 -0.13473 -0.50097 0.50557 -0.00680 -0.11382 -0.20872 0.08305
7.5 0.07472 -0.13399 -0.52863 0.53386 -0.00508 -0.11605 -0.22684 0.08702
8.0 0.08147 -0.13324 -0.55606 0.56199 -0.00329 -0.11828 -0.24600 0.09099
8.5 0.08862 -0.13247 -0.58327 0.58996 -0.00144 -0.12049 -0.26621 0.09494
9.0 0.09616 -0.13170 -0.61023 0.61776 0.00049 -0.12269 -0.28745 0.09889
9.5 0.10409 -0.13092 -0.63695 0.64539 0.00247 -0.12489 -0.30971 0.10283
10.0 0.11240 -0.13012 -0.66341 0.67285 0.00450 -0.12707 -0.33300 0.10676
10.5 0.12110 -0.12932 -0.68961 0.70013 0.00660 -0.12925 -0.35730 0.11069
11.0 0.13019 -0.12851 -0.71554 0.72723 0.00874 -0.13142 -0.38261 0.11460
11.5 0.13965 -0.12768 -0.74118 0.75415 0.01093 -0.13357 -0.40892 0.11851
12.0 0.14948 -0.12685 -0.76654 0.78087 0.01316 -0.13572 -0.43621 0.12241
12.5 0.15970 -0.12601 -0.79161 0.80741 0.01543 -0.13785 -0.46449 0.12630
13.0 0.17028 -0.12516 -0.81637 0.83375 0.01773 -0.13998 -0.49375 0.13018
13.5 0.18123 -0.12430 -0.84083 0.85990 0.02007 -0.14209 -0.52397 0.13405
14.0 0.19254 -0.12343 -0.86496 0.88585 0.02243 -0.14420 -0.55514 0.13790
14.5 0.20421 -0.12254 -0.88878 0.91160 0.02483 -0.14629 -0.58726 0.14175
15.0 0.21624 -0.12166 -0.91225 0.93714 0.02724 -0.14837 -0.62032 0.14559
15.5 0.22862 -0.12076 -0.93540 0.96247 0.02967 -0.15044 -0.65430 0.14942
16.0 0.24135 -0.11985 -0.95819 0.98760 0.03211 -0.15250 -0.68920 0.15323
16.5 0.25443 -0.11893 -0.98063 1.01251 0.03456 -0.15455 -0.72501 0.15704
17.0 0.26785 -0.11801 -1.00271 1.03721 0.03702 -0.15658 -0.76171 0.16083
17.5 0.28161 -0.11707 -1.02443 1.06169 0.03948 -0.15860 -0.79929 0.16461
18.0 0.29570 -0.11613 -1.04577 1.08596 0.04194 -0.16062 -0.83774 0.16838
18.5 0.31011 -0.11517 -1.06673 1.11000 0.04439 -0.16261 -0.87706 0.17213
19.0 0.32486 -0.11421 -1.08730 1.13383 0.04683 -0.16460 -0.91722 0.17587
19.5 0.33992 -0.11324 -1.10748 1.15743 0.04927 -0.16658 -0.95822 0.17960
20.0 0.35530 -0.11226 -1.12727 1.18080 0.05168 -0.16854 -1.00004 0.18331
20.5 0.37098 -0.11127 -1.14665 1.20395 0.05407 -0.17049 -1.04267 0.18701
21.0 0.38698 -0.11028 -1.16562 1.22688 0.05644 -0.17242 -1.08610 0.19070
21.5 0.40327 -0.10927 -1.18417 1.24957 0.05879 -0.17434 -1.13031 0.19437
22.0 0.41987 -0.10826 -1.20230 1.27204 0.06110 -0.17625 -1.17530 0.19803
